# kx            ky            kz               e[1]           e[2]           e[3]           e[4]           e[5]           e[6]           e[7]           e[8]           e[9]           e[10] 
  0.000000e+00   0.000000e+00  0.000000e+00    -2.727000e+01   0.000000e+00  0.000000e+00    0.000000e+00   7.680000e+00  7.680000e+00    7.680000e+00   1.137000e+01  1.137000e+01  1.818000e+01  
  5.000000e-02   5.000000e-02  5.000000e-02    -2.718254e+01   -5.723378e-01  -1.420197e-01    -1.420197e-01   7.701436e+00  7.822020e+00    7.822020e+00   1.147014e+01  1.170582e+01  1.820748e+01  
  1.000000e-01   1.000000e-01  1.000000e-01    -2.692195e+01   -2.020558e+00  -5.281096e-01    -5.281096e-01   7.642794e+00  8.208110e+00    8.208110e+00   1.168485e+01  1.263209e+01  1.831278e+01  
  1.500000e-01   1.500000e-01  1.500000e-01    -2.649351e+01   -3.919139e+00  -1.069351e+00    -1.069351e+00   7.469519e+00  8.749351e+00    8.749351e+00   1.186480e+01  1.384847e+01  1.855986e+01  
  2.000000e-01   2.000000e-01  2.000000e-01    -2.590604e+01   -5.998321e+00  -1.676248e+00    -1.676248e+00   7.278960e+00  9.356248e+00    9.356248e+00   1.190229e+01  1.502590e+01  1.902721e+01  
  2.500000e-01   2.500000e-01  2.500000e-01    -2.517235e+01   -8.109597e+00  -2.279053e+00    -2.279053e+00   7.148215e+00  9.959053e+00    9.959053e+00   1.175359e+01  1.597572e+01  1.973442e+01  
  3.000000e-01   3.000000e-01  3.000000e-01    -2.431148e+01   -1.016003e+01  -2.827581e+00    -2.827581e+00   7.115309e+00  1.050758e+01    1.050758e+01   1.143612e+01  1.667302e+01  2.057707e+01  
  3.500000e-01   3.500000e-01  3.500000e-01    -2.335566e+01   -1.207403e+01  -3.286282e+00    -3.286282e+00   7.187669e+00  1.096628e+01    1.096628e+01   1.100901e+01  1.717312e+01  2.138989e+01  
  4.000000e-01   4.000000e-01  4.000000e-01    -2.237123e+01   -1.375860e+01  -3.630291e+00    -3.630291e+00   7.342058e+00  1.055618e+01    1.131029e+01   1.131029e+01  1.751853e+01  2.204306e+01  
  4.500000e-01   4.500000e-01  4.500000e-01    -2.151868e+01   -1.503707e+01  -3.843043e+00    -3.843043e+00   7.513647e+00  1.018755e+01    1.152304e+01   1.152304e+01  1.772436e+01  2.246020e+01  
  5.000000e-01   5.000000e-01  5.000000e-01    -2.114423e+01   -1.555443e+01  -3.915000e+00    -3.915000e+00   7.593632e+00  1.003891e+01    1.159500e+01   1.159500e+01  1.779302e+01  2.260310e+01  
  5.500000e-01   5.500000e-01  5.500000e-01    -2.151868e+01   -1.503707e+01  -3.843043e+00    -3.843043e+00   7.513647e+00  1.018755e+01    1.152304e+01   1.152304e+01  1.772436e+01  2.246020e+01  
  6.000000e-01   6.000000e-01  6.000000e-01    -2.237123e+01   -1.375860e+01  -3.630291e+00    -3.630291e+00   7.342058e+00  1.055618e+01    1.131029e+01   1.131029e+01  1.751853e+01  2.204306e+01  
  6.500000e-01   6.500000e-01  6.500000e-01    -2.335566e+01   -1.207403e+01  -3.286282e+00    -3.286282e+00   7.187669e+00  1.096628e+01    1.096628e+01   1.100901e+01  1.717312e+01  2.138989e+01  
  7.000000e-01   7.000000e-01  7.000000e-01    -2.431148e+01   -1.016003e+01  -2.827581e+00    -2.827581e+00   7.115309e+00  1.050758e+01    1.050758e+01   1.143612e+01  1.667302e+01  2.057707e+01  
  7.500000e-01   7.500000e-01  7.500000e-01    -2.517235e+01   -8.109597e+00  -2.279053e+00    -2.279053e+00   7.148215e+00  9.959053e+00    9.959053e+00   1.175359e+01  1.597572e+01  1.973442e+01  
  8.000000e-01   8.000000e-01  8.000000e-01    -2.590604e+01   -5.998321e+00  -1.676248e+00    -1.676248e+00   7.278960e+00  9.356248e+00    9.356248e+00   1.190229e+01  1.502590e+01  1.902721e+01  
  8.500000e-01   8.500000e-01  8.500000e-01    -2.649351e+01   -3.919139e+00  -1.069351e+00    -1.069351e+00   7.469519e+00  8.749351e+00    8.749351e+00   1.186480e+01  1.384847e+01  1.855986e+01  
  9.000000e-01   9.000000e-01  9.000000e-01    -2.692195e+01   -2.020558e+00  -5.281096e-01    -5.281096e-01   7.642794e+00  8.208110e+00    8.208110e+00   1.168485e+01  1.263209e+01  1.831278e+01  
  9.500000e-01   9.500000e-01  9.500000e-01    -2.718254e+01   -5.723378e-01  -1.420197e-01    -1.420197e-01   7.701436e+00  7.822020e+00    7.822020e+00   1.147014e+01  1.170582e+01  1.820748e+01  
  1.000000e+00   1.000000e+00  1.000000e+00    -2.727000e+01   -6.936716e-16  -1.976475e-16    5.990681e-16   7.680000e+00  7.680000e+00    7.680000e+00   1.137000e+01  1.137000e+01  1.818000e+01  
